-0.0645936902215576	-0.0271475749493219	-0.0220078755760406	-0.00977209957200029	0.00165043353683635	0.00791862113688151
-0.0678037821120743	-0.0166452833427922	-0.0214998805099758	0.00692298456864261	0.0151285807038194	0.00588153709301196
-0.0843925657817281	0.00419603844874448	-0.014800863731701	0.0309261021771482	-0.0373616301897855	-0.0380258541811861
-0.0839848089890641	0.01795752023491	-0.0241384261574441	0.0290283263686858	-0.0438771311917492	0.0193400262551055
-0.0253582474070411	-0.0146843551991778	0.0106293621178732	-0.0246463453491791	0.0332161798733791	0.0106903511024346
-0.0264680193068596	-0.011395262594216	0.00573940057918926	-0.0362063848550685	0.0398713834554218	0.0145485160249031
-0.0834259630739483	0.00774340383201854	-0.0115866004840764	-0.0291042281878201	0.0292238473766026	0.0443890864442316
-0.0884719155531617	0.0269901574541433	-0.0306132581628448	-0.0441876851965378	0.0810393835653441	0.0261667595495909
-0.0412083656535136	0.0523429663290856	-0.0239047868014046	-0.145532978430047	-0.0457002944917658	0.107674452523284
-0.0568608042898805	0.0494686974516694	-0.0182295057915141	-0.129510432743395	-0.0714987976166944	0.1239529140495
-0.0704884218582266	-0.0081842606106883	-0.0434574152260206	0.0304346886160705	-0.0466326494233805	0.0282410593659415
-0.0835820530160692	0.00124836614669091	-0.0615145785216606	0.0093904626905924	-0.00569462513744466	-0.00718222432009264
-0.0482519140455651	0.0107644390915725	-0.0041675443957248	-0.0435982340502836	0.0398481687288382	0.0316941835795888
-0.0537567428803733	0.0135994072111999	-0.000147600194310507	-0.0334368403265838	0.0428220249176772	0.039261709533726
-0.0611408832172891	-0.0257465915339173	-0.0565874254996437	-0.00328266767226362	0.0155470738022712	0.0133486347870757
-0.0737318631900254	-0.0365358831466063	-0.0558746897190939	-0.0174064318452268	-0.01796759640364	-0.00715617292108141
-0.0885141392697093	0.0131149728792266	0.0147044051842333	0.0550665316672485	-0.0596912443540054	0.0818474070241204
-0.0951653857695711	0.0335972468381423	-0.0446703029931928	0.0603517424012067	-0.00777765645362226	0.105741780832698
-0.0833305561803311	-0.103815669000261	-0.00569342033877721	0.103898455935037	0.0677967543162373	-0.0589596456981662
-0.0731091086357866	-0.0442232970627783	0.00695590753636421	0.0721524114760407	-0.0774356809037976	0.0399840349320688
-0.0794677145742127	-0.0458035068348538	0.00739016396526024	0.0462869587794326	0.00643399279649953	-0.0135135585693507
-0.0891412715735609	-0.0178283051211532	-0.015861975756795	0.044266422290621	-0.0550565942143323	-0.0440274609403556
-0.0947330491890957	-0.0377272060682746	-0.0190952895184642	0.0524336533032302	0.0310608865258326	0.0409484816931397
-0.0946666373405056	-0.00853108132024743	-0.0184694686509756	0.0275838056427476	-0.0424910219889836	0.110009300624561
-0.0665394327333481	0.0230243179390919	0.00227438984817545	-0.0268936760976345	0.0239920085863976	0.06330963639778
-0.0758383237955666	0.0367611323111117	0.00448736257748481	-0.0182627902839778	0.025007442127977	0.0366690038315989
-0.0719848493437399	-0.0207187565813201	-0.0631234162163201	-0.115831952356178	0.0326539488118968	0.063753318856924
-0.0940339400192294	-0.0545805489259311	-0.0625819787190884	-0.110305845058825	0.0235583593928668	0.00553885923488434
-0.0945614714087306	-0.0611460735783331	0.0786355983702099	0.155226554853397	0.00231301386828158	0.0689515847163404
-0.066154117584583	0.0218452794640955	0.0138586207427029	-0.00601098342270815	0.0062323190664993	0.0613580473811397
-0.0763949235999958	0.0111824909148215	0.0378484508447128	0.0161777053497154	0.0213208492543704	0.0889004086241224
-0.0269726943831794	0.0138522596007171	-0.0283940816368449	-0.00613147201185122	-0.0294869082238647	0.00750270695539155
-0.0361894587719609	0.0131357735301196	-0.0296075156510495	-0.000610858790027307	-0.0171548996417977	0.0175089596721301
-0.0433073575399942	-0.00711948113095793	0.0353237787368943	0.0238013459176731	-0.0103281648558455	0.0368678690347046
-0.0562966856700878	-0.00685305619040318	0.0405581097999775	0.0296072332134718	-0.0287555328518392	0.0523496456840221
-0.050558404509634	-0.060288987339567	0.0515220364405271	0.0453416264384889	0.0122225961636579	0.0283739111582555
-0.0387925758038174	-0.0510377331780683	-0.042387606723232	0.0589861385997718	0.00883782513739383	0.0148029954202368
-0.0467020296780434	-0.0506584836612692	-0.0429546447416721	0.0675826131728419	-0.00180051847274245	0.0100354937808291
-0.0361288215800078	0.025628953147888	0.03645402026099	0.0278850669869478	-0.0522245218078708	-0.0178072769792762
-0.058528880227797	0.0277355270783257	0.0344960234588003	0.0287014630369214	-0.0524077090342389	-0.0114215734170703
-0.0541512647932063	0.113835159012728	0.0413552588887869	0.0379268865391005	-0.0891517714343677	-0.00898071602889312
-0.0503801476287217	-0.0597874249444806	-0.0131838316767239	0.0741025658845646	0.0327768150462632	0.0315217141306742
-0.0516698999852237	-0.0578449837400901	-0.00780971546141037	0.0722563098300283	0.0399464091753244	0.0461526464613939
-0.053120434897832	-0.011551703212068	0.0543190105781831	0.0450297010969774	-0.0135624729772235	-0.0100429974360514
-0.0140480793534182	-0.0316889845753913	0.0218057735883531	-0.00183179246044591	0.0263869285443229	0.0218531629499579
-0.0214072295970658	-0.0342827795609229	0.0184857916244659	0.00740280522861278	0.0233280248171458	0.0151272769476254
-0.0533993979388224	-0.0282795816001379	0.00190470362978492	0.0758333487113541	0.00772943327908519	0.0307296593792242
-0.057525396610363	-0.0299278143817919	0.00855375554882865	0.0755104472614639	0.013182195878906	0.0374838914321018
-0.0293553421866522	-0.0147598152196804	0.0320099781973914	0.0560059908010106	-0.0132883143782234	-0.000898964109043337
-0.0403252563558629	-0.0115685075426644	0.0318587813789687	0.0588830600124922	-0.0188596104119703	0.00682881073546705
-0.0766054990245252	0.15975930815312	0.0313639596103752	0.00526145979806724	-0.0340407030636745	0.00792851682147186
-0.0886501865609328	0.148460797719884	0.133255879621023	-0.0326739886604935	0.0505939017627103	-0.092488292616924
-0.0779398854420284	0.0264587987910434	-0.10484699388086	0.00525845538740994	-0.0455368481806855	-0.0624895150640859
-0.0514289101659887	0.0601696370953872	-0.0598143041349649	0.0161852496693002	-0.0315762498816521	-0.00866648487156867
-0.05267008078244	0.0355947839248738	-0.0470661014273535	0.0116180330757057	-0.0267949110848073	-0.0075068906935321
-0.0790229482442287	-0.114933946444477	-0.0227235873133597	0.0806306291492728	0.119019089649828	0.138774110731576
-0.0943624164107215	-0.140941634520938	-0.0307684960143013	0.0859381986092858	0.0909462416592129	0.128046077834022
-0.0906716144120811	0.0322968040642708	-0.301263762906409	-0.0972200310421407	0.0666747802511552	0.122525077609405
-0.0672263122963914	-0.0103393517556499	-0.105452704072263	-0.125732930953392	-0.0557440029910286	0.170507003491207
-0.0754343447069363	-0.00914809328184593	-0.10807431302411	-0.0927923677373853	-0.0569222018749151	0.135456421868132
-0.0474512198516888	0.0333711682334261	0.0127594937408906	-0.0139360202605638	-0.00402584065657451	-0.0110723609480976
-0.0520351186997101	0.0241933654953364	0.0261636385006792	-0.013462190472571	0.00311890110729966	-0.009475714708475
-0.0592005784668626	0.132567862774695	-0.0339398503019075	-0.0187939213823317	-0.0351275959758972	-0.0538496399517497
-0.0586911896568458	0.142721686320977	-0.0418482520247585	-0.0223080645690583	-0.034542193703202	-0.0535334132456698
-0.0723939023883174	-0.0136417838499846	0.000564692674946013	0.0347003298058041	-0.0343943096968253	0.124989224087634
-0.0786322169040315	-0.0208185301346903	-0.00361809525865515	0.019395449579785	-0.0364469422339837	0.128701025268696
-0.0931038487112944	0.121326148446417	0.151634606971924	-0.185547732243688	0.20234940411775	0.0307824461316577
-0.0950812371886734	0.0855775367178275	0.29674328016659	-0.241388301693546	0.378293683793763	0.107469589874851
-0.0988973708280683	-0.03408514715259	-0.00321046434604629	0.162305335931663	0.0459272017431879	-0.0532853908504185
-0.103536891690188	-0.122836018610583	-0.0011599791259777	0.243429479032965	0.269960811846857	-0.0251462424750532
-0.0780109979422567	0.101581270248427	0.0911361822328619	0.099574817814313	0.0552116203521671	-0.0403136550090812
-0.0796354077223501	0.104184862437977	0.108319289340625	0.0639247995871401	0.0411242265781575	-0.0126190294299491
-0.0718697030457162	0.158903697670561	0.0696746058610447	-0.0445514850939427	0.103392858220735	-0.0470613539672189
-0.0865237081047466	0.170104629867392	0.0608980704197561	-0.0556741597712074	0.0719565565475462	-0.023524627194371
-0.0477339884597816	0.0234053961745989	-0.0985014526304882	-0.0396426793428381	0.0508915338842647	-0.00144924883801154
-0.047822415818557	0.0264384504359275	-0.115115765491828	-0.0343321907344427	0.0367860492578765	-0.01633117431111
-0.0500331714774352	0.166418636926714	0.000954639520228744	0.00432953236646419	-0.0425401607461455	-0.0167914712179292
-0.0490681943720214	0.133175976788697	-0.00503270957415477	0.0199152035805897	-0.0383640941460679	-0.0049570437181731
-0.0822207313103096	-0.0794661060954164	-0.0304275795443776	-0.161183786628228	0.158126695160498	0.208266441026852
-0.0738374933653413	-0.0738840669120418	-0.00783728649619563	0.0502274292937615	0.0883870406698007	0.110073676306986
-0.0812717663948943	-0.0775220445041232	0.0145405754076569	0.0719777888450863	0.0911730108180542	0.117019000026416
-0.0721531676473537	0.185084494585464	0.0293598688122467	0.00452587377077154	0.0923842224516789	0.0746156569124325
-0.0898581953816689	0.179728302348587	0.0652420821213338	0.0403677500801459	0.0139374484911826	0.119944104583728
-0.0767377467612066	-0.107574574564158	-0.0546037134502378	0.0784944217303689	0.104323442122358	0.0667470926560618
-0.0552649517561486	0.0189381795288303	-0.00459791953539843	-0.0459838718814526	0.0359122803767236	-0.00220226900875365
-0.0605147535311195	0.0378483336843658	-0.0173783618456482	-0.00436908126046901	0.0163979431644223	0.00085567856399473
-0.0437234365942342	0.0116349077612804	-0.030343183454424	-0.0400053071069917	0.047407841948829	0.00552720891916705
-0.0460519047617581	0.0101900562134716	-0.0299125313082061	-0.00482004590247258	0.0332863732425167	-0.0054522744032671
-0.0458257584754241	0.151106357838331	0.0812020214965865	0.0285159446855209	0.0617636794551008	-0.00607120424716566
-0.0589108365147235	0.164040291450285	0.134130857505976	0.0174133130966055	0.0971623319213426	-0.0169689841121549
-0.0400013136191716	0.0787937705616378	0.0471637809530946	-0.00880810334048726	-0.00104365688598636	0.0126167504105784
-0.0603388646432079	0.0900478210192905	0.0341727383016089	-0.0390515718509734	0.0540568151250822	0.0651082923925917
-0.0195077098897925	0.0327942376787545	-0.0258695457641811	-0.0463239168226771	-0.0367407613570359	0.0363293311814082
-0.0343599691754557	0.0333051335301668	-0.0417156401768326	-0.0531717289534059	-0.0548644923067413	0.0405677002378707
-0.0553498660708861	-0.00131121849638281	-0.104494960494503	-0.126854610049781	0.0202957230932599	0.0498858292006728
-0.0698376088627842	-0.0215338420668539	-0.115283197969033	-0.0745749971387469	0.0449967033284581	0.0443417422754381
-0.0359111984863236	-0.037032829536319	0.0153083460104509	0.0224771238966274	0.0116352871576011	-0.00514724428986587
-0.0386157882825183	-0.0414502527733942	0.0243535454198791	0.0178405225596681	0.0215955185713963	0.0102076711589186
-0.0350137617039469	0.0287403703403026	-0.00924204855813146	-0.0237066354473103	0.0502756171624476	-0.00793240207825811
-0.0264225654602933	-0.0134283567466896	0.013951306994661	-0.0132949640347793	0.0333516100823147	0.0232260438891346
-0.0482377163599328	-0.0114244630502516	0.034724757959338	0.00698655580345206	0.0372608944280467	0.0518596206354395
-0.0272296413487119	-0.0228604422508053	0.0140763907624593	-0.0202458262665273	0.0471974221829208	0.0259264743047997
-0.0282613906495732	-0.0238338117741345	0.0265507487516646	-0.0256765146183958	0.0286488300643507	0.0128862478911856
-0.0313801181198768	-0.0333456707048844	0.017935803678094	-0.0489780774124387	-0.0400551952178897	0.00558278525246856
-0.0353799893633071	-0.0378152819204758	0.0223336262540852	-0.0282792704196274	-0.0441843407869576	-0.00887859309016745
-0.00935846086739936	0.00719111949250426	-0.00802206650283147	0.000901832189951413	0.0104476088644862	-0.0120803431773904
-0.056319269526782	0.0128348010336752	0.0163010069483926	0.0210979391317693	0.0115177233748547	0.00152195348806272
-0.0365061598531919	0.0461588654006989	0.0103184974465059	0.00197808766962544	0.00104762009884365	-0.0546104158310622
-0.0809384464639719	0.116557231436038	-0.00192458604034136	0.0955472594311113	0.0556906009872216	-0.101391282455106
-0.0864325057108904	-0.0361134629441019	-0.0473063473283627	-0.0999893917296926	0.166382245753516	-0.305588952239394
-0.0665717974403389	0.0544394153177363	-0.0415936084330125	-0.251761740560834	0.0166622566784862	-0.0523919285937213
-0.0736113708164092	0.0624700028229302	-0.0183819625309741	-0.428537461939378	-0.0789438386909244	0.0252213335945689
-0.0528872132059902	0.021745495871106	-0.0940669084525721	0.049668974344828	0.0548833879945818	0.0167197135444435
-0.0676555173954112	0.0103747518583526	-0.0839129239094423	0.0382799300937761	0.054590341652789	0.0713402228250752
-0.0551585108431655	-0.0200328022599221	-0.0510120033202737	-0.0238139238154423	0.036957272434997	-0.0231704798112393
0.0913019185357907	0.130024705031515	-0.499767867507117	0.11502444625011	0.0721219419588331	-0.0592009565469905
0.090235408496717	0.156031025474775	-0.202058661600471	0.115971460199427	-0.0218431796627572	0.484302172608377
0.100672057855937	-0.17319400243616	0.135628298676766	-0.241443051484779	-0.421916226065469	0.130049199246333
0.11077910042186	0.0676368025707921	-0.318715052118982	-0.0775801202934711	0.0934018430931598	-0.0849987266413789
0.117693725801518	0.141945530475048	0.0530276999155024	0.0854260727549955	0.103579742186205	0.274519000134284
0.110890470555761	-0.257858657871314	-0.0120756840717604	-0.116715000555881	0.18919407890792	0.0235387457745383
0.0881969211069438	0.0534700634436712	0.130573684634646	0.121577758261323	0.00755251621549896	0.23632437729375
0.115788735624161	-0.106868465924619	0.106569094800138	0.10328693752797	-0.0210052576081355	0.0758881412661765
0.164232678252206	-0.0366629298760632	0.110825502499706	-0.0352966079592222	0.0431187424036141	0.0105705162166508
0.108442596867218	0.0922821557817505	0.0724416940507385	-0.0473221789541833	-0.0514454437641687	0.052594972524694
0.0982881353979977	0.173626722664653	-0.0628820984051501	0.0575020120908332	0.046556697232089	0.0106679959251131
0.0834714469474838	-0.0874488560785691	0.0529022612113506	0.00697871470165694	-0.0712018417942544	0.195080675058653
0.118649643676484	0.00203299658302625	-0.088609711706075	-0.0902768937389536	0.0953368770700578	-0.0323346968895651
0.128211212563436	-0.145153397257686	-0.057945072392381	-0.0460130386414582	0.208301685980348	-0.0149667595019931
0.117520710990179	0.152366272612987	0.0717203097435176	0.0778834897984992	0.0324344959217288	-0.00169647322433224
0.115074326905139	0.0407975501859483	0.026581456886665	-0.0101659050928004	0.0369105942631548	0.0880926140822935
0.120636696793634	0.0426650097263584	-0.0624772712195103	0.0196764442280007	0.0295456890591113	-0.02219620264564
0.0877365808846901	0.181556662476825	0.0019264661516446	0.105053724895871	-0.0147495585950302	-0.00234520931548724
0.0964434776465525	0.042372290667906	0.0347257336288602	0.046958237903446	0.0661463309910295	-0.0110251010149379
0.106165074843327	0.106915806760072	-0.028067415706878	0.0288660262426325	-0.0911767516957875	0.00253794732419657
0.104292642758208	0.113870537466119	-0.0130241949636973	0.0723528202894823	0.0569093970175452	-0.0364894113260824
0.117720138735544	0.047619035934909	0.0468177798460057	0.029614931388283	0.0337287741596758	-0.0108805917059363
0.101407456418079	-0.015806312382396	0.0414604154085342	-0.0844887023518557	0.0235315613281637	0.0815361816771273
0.0948982836805239	0.0067888194759996	0.0273983530089151	0.0641397477952962	-0.0122321137683122	0.110096575671741
0.101733849252114	0.10727945305627	-0.0287348716403155	0.0410576872384521	-0.0408923035942889	0.014523735810724
0.109368300283781	0.0189598302081777	0.0216771602447451	-0.0471509911330862	0.0552302162979734	0.015004867845263
0.0998757580185687	0.133746320146218	-0.0438519578744898	0.0240547136537225	0.040696165857181	-0.00230190286605542
0.113288936959422	0.0190456510704831	-0.00549537409894188	-0.0320797525921253	0.0875256373763695	0.0164507237945105
0.103180080371501	0.0331034904185146	-0.0282726113216946	-0.0125802845514615	0.0696097018437281	0.0571171306359773
0.115727223030723	-0.0471668769754748	0.0453232996289231	-0.00566683621620931	0.094626101138225	0.0125234472972828
0.127291977594539	0.00862768722204401	0.0324508122229163	0.0239110773292054	0.0750818272291636	-0.00743130264400543
0.112089175674035	0.0519706279685165	0.055701820372852	0.00395455407701346	-0.00733659587284337	0.0357386960880425
0.123540504751444	0.0180214024572886	0.0301820913931504	-0.00175885548623161	0.0892554414897227	-0.0010161589210726
0.115917871241357	0.0165309483612573	0.0140065565141961	-0.0230650263674195	0.0661791513060109	0.00835568304862654
0.0937183893792322	-0.107700222810106	0.0249812371222325	-0.0242759563617834	0.105949827865459	0.0506084353758809
0.101912855844765	-0.0689249304918474	-0.0361451113199827	-0.0564546124531463	0.127304191621514	-0.0154332345775966
0.0981651511147798	0.0166767948571539	0.0125050719271434	-0.0319350061566372	0.02035859943376	0.0250649693803695
0.0918183576664154	0.0440635685920844	-0.0644908870183614	-0.0191680194581935	0.0467487789247119	0.0747443912819504
0.0918749908767712	0.118657403292579	0.0394712667037945	-0.0205485584023413	0.00320338244450706	0.0234601437421267
0.105257101298405	-0.0161549977708721	-0.00892997824934649	-0.0259817650357526	0.0736256871528016	0.0280778988073879
0.0939782530577391	0.0306264832527712	0.00801075306208714	-0.0793756223139802	0.0190605402934783	0.0370287588091624
0.13748975428423	0.028195712026718	0.0444965533608643	0.0129463645910653	0.0597748666176742	-0.0549188135926715
0.0869782796454818	-0.163273313937735	0.0047989047215447	-0.0660292245370544	0.184313616447767	0.0129779131644588
0.0909565787849812	0.098962559604141	-0.135154672344372	-0.060342445345997	0.0802229717099997	0.00290907933484923
