-0.206339328635145	-0.0199731038167669	-0.583055508172215	0.499247083034072	-0.0899770445366516	0.210313259888361
-0.203900835747367	-0.148543410135935	-0.27979109045841	0.0923437939193944	-0.0858591472633675	-0.0547101299505297
-0.203409886579848	-0.197685680540292	-0.179927978242673	-0.212794383197352	-0.209723529435737	-0.0672189572334654
-0.204029455820318	-0.222727362377042	-0.0976265328951773	-0.0200796289117398	0.0511704303722773	-0.222385825345779
-0.205317445880993	-0.266265402169495	0.0764131154512044	-0.191040750589451	-0.159764404880861	-0.00295702621413828
-0.206404019357179	-0.27575203614816	0.0989406557466487	0.0277838459636471	-0.184600063455843	0.180158767683954
-0.205645204333192	-0.229454753107054	0.17261134563327	0.155113977623954	0.031651760600828	0.141247849497336
-0.206642570319842	-0.0194440101461404	0.321800815142167	0.517097914953013	-0.105345997144932	-0.201921739262793
-0.204597243689777	0.160584216832971	0.187158762030285	0.114382993219903	0.130986457821784	0.216850322747536
-0.202276834977226	0.202429910431787	0.0571068211107979	-0.130701259686794	-0.247193298071369	0.400373135553105
-0.203762718200024	0.226798518471986	-0.00429697829593971	-0.298979361118565	-0.513772630328938	0.0377372278224485
-0.205068239099828	0.332539194505093	-0.158084675162519	0.100242749661868	-0.231899183278867	-0.618283258929945
-0.203694125945222	0.111061063825182	-0.262386461290733	0.0503726639091727	0.159487896777838	0.347227042149744
-0.202209436556018	-0.0703242483845639	-0.151219537112609	-0.0287992425677612	0.311344919583004	-0.135554607104831
-0.202198033677257	-0.0983607110334972	-0.0953765490391518	-0.247366714105747	0.277964592201369	-0.16008353555198
-0.20273474392547	-0.16607417524635	-0.0354970144797936	-0.128542876875922	0.138469391015067	-0.139065902995978
-0.203137138410721	-0.211430162006472	0.0913651804834898	-0.0845133225011275	0.170914196725812	0.118305884364216
-0.204740921631963	-0.1831285129867	0.166139032201598	-0.0629130960073201	0.159898554856752	-0.0534707567990941
-0.204933579869486	-0.14163609415674	0.239058351422645	-0.0200925916847354	-0.279709201383248	-0.0366530394015942
-0.205419544346468	0.174162609371081	0.315697790952169	0.22761716338767	0.145492671155154	-0.0623221006205828
-0.205095076155833	0.255524489965381	0.165189458863196	0.110776924172376	0.0665547859387211	0.0617148512200562
-0.201916490741135	0.245655134258728	0.0368301480893717	-0.152591775397556	0.139227297863714	0.0415346451306039
-0.201734148241062	0.269410535305945	-0.035334204615364	-0.172560743987779	0.0767037186733082	0.039545149300924
-0.203649142395649	0.280554534979046	-0.0534201143914421	-0.168791205369633	0.259875044551226	-0.0387650438255929
