-0.205148336654866	0.272839539987413	-0.440446126434894	-0.0222659545246105	0.227614056400834	0.223474699314111
-0.20410242195864	-0.0541080114357077	-0.209619693214654	-0.114367647341158	-0.00511947423405285	0.113669507995705
-0.202441874951912	-0.192845779062024	-0.145066846185267	-0.229747870492688	-0.0802009518094744	-0.0408924818160435
-0.202394893131297	-0.147164992044608	0.0101573953888773	0.160913029700859	0.132337168942042	0.273510216015232
-0.203809140245477	-0.322237718070471	0.0432140643370559	-0.128622263882328	0.0209769929336448	-0.293450890575954
-0.204685063235765	-0.299008977576719	0.00934290591919065	-0.112029020428891	0.0161857679837485	-0.0774703945046521
-0.204508055188539	-0.217014474853152	0.0273683238751813	0.067683548012813	0.122640759034738	-0.00593645210152897
-0.207326916925871	0.135116766359908	0.542176316375412	-0.0614088310222171	0.202017150973323	0.511780530768899
-0.204681026427992	0.169615400494952	0.163636595810226	0.137443218314686	-0.283935341475259	-0.158125996275278
-0.20076014642738	0.115753099906482	0.0533496377869559	-0.197845999838559	-0.260236706140472	-0.322985122449662
-0.204297290131763	0.0895271752118197	0.0709960841803723	-0.608517839081503	-0.167019650394631	0.0822891024705373
-0.208029368620564	0.359301422273331	-0.0463892093064429	-0.0848922216462386	0.693618846165056	-0.399101719464464
-0.20491604023562	0.162473029977422	-0.405617049547501	-0.0624531107539042	-0.191435725347884	0.217373402442501
-0.203915510996341	-0.0416481258082424	-0.189117737399781	0.2593603182471	-0.0592167058169526	0.0240650681259394
-0.202661189487279	-0.130583205896678	-0.139582853693572	0.23752351065417	-0.111671577670141	0.0144256693980877
-0.202535487454065	-0.187515179284994	-0.103971468523238	0.0535446102735106	0.173371450454002	0.124407815513038
-0.201171763222792	-0.217642754150648	-0.043335115907642	0.18632807770848	-0.0212544500050232	-0.13459516034491
-0.203540508372325	-0.206493179047123	0.101245888511564	0.276476897112506	0.0972069196717078	-0.018153843622074
-0.205533211223964	-0.263058530644646	0.172263337645781	-0.295521949818653	0.0793775660469971	0.0653315122156449
-0.206830765329556	0.149184651747361	0.336946830792429	0.232024245583851	-0.0443464547123239	0.00616080148427393
-0.206345936759002	0.197122058371553	0.108771653721289	0.0530047695313801	-0.00205537381845171	-0.297542832069547
-0.202590355543284	0.187447029965121	0.0873649632789798	0.151924016376038	-0.238164820711024	-0.112618002004331
-0.201663528953628	0.221919267097301	0.0228329279736411	-0.0489984840195138	-0.176090083730765	0.142312105813384
-0.204889237087375	0.202129841880838	-0.0392287337144578	0.15393695093633	-0.147432367794687	0.0589672207402116
