0.250290452495503	-0.167970628630126	0.27020231799667	-0.291525029687196	0.103698129117558	0.150867498990763
0.250605252253386	-0.0688499677129412	0.284050537986552	-0.203576150292879	0.254353403377901	0.251231998343587
0.251147351851687	0.0838021976007283	0.337638175326376	0.0304206549889524	0.379903832414547	0.198771305486602
0.250453358378521	0.430326036724465	0.385666233726555	0.523993080683543	0.195799544101993	-0.230523316121388
0.24841802646676	0.446887610011547	0.0970994699382366	0.118736013395904	-0.689008616259535	0.27472535060877
0.248409820132423	0.183918636824686	-0.19588831276095	-0.305832698928526	-0.111565837216603	0.345582115436319
0.249286802024328	0.187970100986149	-0.240277942660487	-0.233692886743911	0.0424003250134403	0.0207105205017111
0.249195784503028	0.161212291710005	-0.256853945929436	-0.169970494405571	0.109859774775598	-0.0976689168668652
0.248862544974878	0.1146620831471	-0.271446820602645	-0.0908114174768265	0.125620208451694	-0.246631232086196
0.249212808925819	0.0894658300284985	-0.267135853180765	0.00872465961157575	0.139761533739953	-0.243052038921117
0.250205961970005	0.0205469891332855	-0.272507769120996	0.126125174824267	0.126277116064701	-0.207708653968883
0.249547832333633	-0.289216046474307	-0.252316257181144	0.403227012901527	0.111970312933378	0.38777158616011
0.25049349089493	-0.430432827863881	-0.161979580603309	0.380096265813165	-0.129507270309324	0.209023220622923
0.251242243672187	-0.263247695416941	0.113223741907475	0.0699010770955554	-0.295203120783674	-0.390902335478359
0.251182667873905	-0.255139889896457	0.181217074289388	-0.14325523946693	-0.237144667534255	-0.307762359326242
0.251414588876073	-0.234729036603521	0.23915370354621	-0.224137716511524	-0.129954995428974	-0.109440993906897
